01001010111101111011110000000000
01000000000001111011110000000000
01000000001101111011110000000000
01000000011001111011110000000000
01000000011101111011110000000000
01000000101101111011110000000000
10000000000000000000000000000101
01001010111101111011110000000000
01001010111101111011110000000000
01001010111101111011110000000000
01001010111101111011110000000000
01001010111101111011110000000000
00100000000000000000000000000000
01001100111101111011110000000000
01001100111101111011110000000000
01001100111101111011110000000000
01001100111101111011110000000000
01001100111101111011110000000000
01001100111101111011110000000000
01001100111101111011110000000000
01001100111101111011110000000000
01001100111101111011110000000000
01001100111101111011110000000000
01001100111101111011110000000000
01001100111101111011110000000000
01001100111101111011110000000000
01001100111101111011110000000000
01001100111101111011110000000000
01001100111101111011110000000000
01001100111101111011110000000000
01000000011100001001100000000000
01001010111101111011110000000000
01001010111101111011110000000000
01001010111101111011110000000000
00000000100011100000000000000000
01001010111101111011110000000000
11100000010000000000000000001000
11110000011000000000000011111111
01110000100000100000000000001000
01001010111101111011110000000000
01001010111101111011110000000000
01111100101000100000000011111111
11010110010000010001000000000000
01001010111101111011110000000000
01001010111101111011110000000000
01001010111101111011110000000000
11101000100001000000000000001000
11010110010100010001010000000000
11010110011000011001000000000000
01001010111101111011110000000000
01001010111101111011110000000000
01001010111101111011110000000000
11000000010100101001100000000000
11010110011000011001010000000000
01001010111101111011110000000000
01001010111101111011110000000000
01001010111101111011110000000000
11100000110001100000000000001000
01001010111101111011110000000000
01001010111101111011110000000000
01001010111101111011110000000000
11000000000000101001100000000000
01001010111101111011110000000000
01001010111101111011110000000000
01001010111101111011110000000000
11000000000000000001000000000000
01001010111101111011110000000000
01001010111101111011110000000000
01001010111101111011110000000000
11000000000100001000000000000000
01100000000000000000000000000001
01100000110001100000000000000001
01100001011010110000000000000001
01100001000011110000000000010000
01001010111101111011110000000000
01001010111101111011110000000000
01001010111101111011110000000000
10100011001000000000000000011000
01001010111101111011110000000000
01001010111101111011110000000000
01001010111101111011110000000000
01001010111101111011110000000000
01100001000011110000000000010000
01001010111101111011110000000000
01001010111101111011110000000000
01001010111101111011110000000000
10100101101000000000000000100100
01001010111101111011110000000000
01001010111101111011110000000000
01001010111101111011110000000000
01001010111101111011110000000000
10100101000000000000000000111110
01001010111101111011110000000000
01001010111101111011110000000000
01001010111101111011110000000000
01001010111101111011110000000000
10001111111111111111111110101011
01001010111101111011110000000000
01001010111101111011110000000000
01001010111101111011110000000000
01001010111101111011110000000000
01001010111101111011110000000000
01000000011001111011110000000000
01100001000011110000000000010000
01001010111101111011110000000000
01001010111101111011110000000000
01001010111101111011110000000000
10100101101000000000000000001111
01001010111101111011110000000000
01001010111101111011110000000000
01001010111101111011110000000000
01001010111101111011110000000000
10100101000000000000000000101001
01001010111101111011110000000000
01001010111101111011110000000000
01001010111101111011110000000000
01001010111101111011110000000000
10001111111111111111111110010110
01001010111101111011110000000000
01001010111101111011110000000000
01001010111101111011110000000000
01001010111101111011110000000000
01001010111101111011110000000000
01000000101101111011110000000000
00110000010001100000000000000000
01001110111101111011110000000000
01001110111101111011110000000000
01001110111101111011110000000000
01001110111101111011110000000000
01001110111101111011110000000000
01001110111101111011110000000000
01001110111101111011110000000000
01001110111101111011110000000000
01001110111101111011110000000000
01001110111101111011110000000000
01001110111101111011110000000000
01001110111101111011110000000000
01001110111101111011110000000000
01001110111101111011110000000000
01001110111101111011110000000000
01001110111101111011110000000000
01000000001101111000000000000000
11000010000100001010100000000000
10100101000000000000000000001010
01001010111101111011110000000000
01001010111101111011110000000000
01001010111101111011110000000000
01001010111101111011110000000000
10001111111111111111111101110111
01001010111101111011110000000000
01001010111101111011110000000000
01001010111101111011110000000000
01001010111101111011110000000000
01001010111101111011110000000000
01100000000011110000000000000001
01100000001011110000000000000001
01100000010011110000000000000001
01100011100011110000000101001101
