01001010111101111011110000000000
01000000000001111011110000000000
01000000000101111000010000000000
01001010111101111011110000000000
01001010111101111011110000000000
01001010111101111011110000000000
01000000001001111000010000000000
01000000001101111011110000000000
01000000010001111011110000000000
01000001000101111011110000000000
01000001001001111011110000000000
10000000000000000000000000000101
01001010111101111011110000000000
01001010111101111011110000000000
01001010111101111011110000000000
01001010111101111011110000000000
01001010111101111011110000000000
00000001010000000000000000000000
01000000010000001001000000000000
01001010111101111011110000000000
01001010111101111011110000000000
01001010111101111011110000000000
00000001100010000000000000000000
01001010111101111011110000000000
01110000111001010000000000001000
01111101000001010000000011111111
01001010111101111011110000000000
01110001001001100000000000001000
01111101011001100000000011111111
01001010111101111011110000000000
01000100110000111010000000000000
11101001100011000000000000001000
01000100110100111010110000000000
01000100111001000010010000000000
01001010111101111011110000000000
01001010111101111011110000000000
01001010111101111011110000000000
01000000110101101011100000000000
01000100111001000010110000000000
01001010111101111011110000000000
01001010111101111011110000000000
01001010111101111011110000000000
01110001110011100000000000001000
01001010111101111011110000000000
01001010111101111011110000000000
01001010111101111011110000000000
01000000010101101011100000000000
01001010111101111011110000000000
01001010111101111011110000000000
01001010111101111011110000000000
01000000010100101011000000000000
01001010111101111011110000000000
01001010111101111011110000000000
01001010111101111011110000000000
01000001000110001001010000000000
01100000100001000000000000000001
01100010010011110000000000000001
01100010011011110000000000010000
01001010111101111011110000000000
01001010111101111011110000000000
01001010111101111011110000000000
10101001010011000000000000001010
01001010111101111011110000000000
01001010111101111011110000000000
01001010111101111011110000000000
01001010111101111011110000000000
10001111111111111111111111001110
01001010111101111011110000000000
01001010111101111011110000000000
01001010111101111011110000000000
01001010111101111011110000000000
01001010111101111011110000000000
00010100010000000000000000000000
01100000000000000000000000000001
01100000011000110000000000000001
01001010111101111011110000000000
01000000010001111011110000000000
01000001001001111011110000000000
10100001101010000000000000001010
01001010111101111011110000000000
01001010111101111011110000000000
01001010111101111011110000000000
01001010111101111011110000000000
10001111111111111111111110111101
01001010111101111011110000000000
01001010111101111011110000000000
01001010111101111011110000000000
01001010111101111011110000000000
01001010111101111011110000000000
01100000000011110000000000000001
01100000001011110000000000000001
01100000010011110000000000000001
01100011100011110000000101001101
