01001010111101111011110000000000
01100000000011110000000000000000
01100000001011110000000000010000
01100001001011110000000000001111
01100001100011110000000000000101
01100001101011110000000000000101
10000000000000000000000000000101
01001010111101111011110000000000
01001010111101111011110000000000
01001010111101111011110000000000
01001010111101111011110000000000
01001010111101111011110000000000
00000000100000000000000000000000
01001010111101111011110000000000
01001010111101111011110000000000
00000001000000100000000000000000
01001010111101111011110000000000
01111100011000100000000011111111
01111100010000100111111100000011
01111100101001000000000011111111
01111100100001000111111100000011
01001010111101111011110000000000
01001010111101111011110000000000
01001010111101111011110000000000
01000100011000010001000000000000
01000100011100010001010000000000
01000100100000011001000000000000
01001010111101111011110000000000
01001010111101111011110000000000
01001010111101111011110000000000
01000000011100111010000000000000
01000100100000011001010000000000
01001010111101111011110000000000
01001010111101111011110000000000
01111000110001100000000000001000
01001010111101111011110000000000
01001010111101111011110000000000
01110001000010000000000000001000
01000000011000110001110000000000
01001010111101111011110000000000
01001010111101111011110000000000
01001010111101111011110000000000
01000000011000110010000000000000
01001010111101111011110000000000
01000000011101111011110000000000
01000000100001111011110000000000
01000000101001111001100000000000
10000000000000000000000000000101
01001010111101111011110000000000
01001010111101111011110000000000
01001010111101111011110000000000
01001010111101111011110000000000
01001010111101111011110000000000
00000000100000000000000000000001
01001010111101111011110000000000
01001010111101111011110000000000
00000001000000100000000000000001
01001010111101111011110000000000
01111100011000100000000011111111
01111100010000100111111100000011
01111100101001000000000011111111
01111100100001000111111100000011
01001010111101111011110000000000
01001010111101111011110000000000
01001010111101111011110000000000
01000100011000010001000000000000
01000100011100010001010000000000
01000100100000011001000000000000
01001010111101111011110000000000
01001010111101111011110000000000
01001010111101111011110000000000
01000000011100111010000000000000
01000100100000011001010000000000
01001010111101111011110000000000
01001010111101111011110000000000
01111000110001100000000000001000
01001010111101111011110000000000
01001010111101111011110000000000
01110001000010000000000000001000
01000000011000110001110000000000
01001010111101111011110000000000
01001010111101111011110000000000
01001010111101111011110000000000
01000000011000110010000000000000
01001010111101111011110000000000
01000000011101111011110000000000
01000000100001111011110000000000
01000000101001010001100000000000
01100001001010010000000000000010
01100001011011110000000000010000
01001010111101111011110000000000
01001010111101111011110000000000
01001010111101111011110000000000
10100100101011000000000000001010
01001010111101111011110000000000
01001010111101111011110000000000
01001010111101111011110000000000
01001010111101111011110000000000
10001111111111111111111110101001
01001010111101111011110000000000
01001010111101111011110000000000
01001010111101111011110000000000
01001010111101111011110000000000
01001010111101111011110000000000
00010010100110000000000000000000
01100001100011000000000000000001
01100001110011110000000000000110
01001010111101111011110000000000
01001010111101111011110000000000
01001010111101111011110000000000
10100110101110000000000000001101
01001010111101111011110000000000
01001010111101111011110000000000
01001010111101111011110000000000
01001010111101111011110000000000
01000000100101111011110000000000
01100000000011110000000000000000
01100000001000010000000000000001
10001111111111111111111110010101
01001010111101111011110000000000
01001010111101111011110000000000
01001010111101111011110000000000
01001010111101111011110000000000
01001010111101111011110000000000
01000000111101111011110000000000
01000000111101111011110000000000
01000000111101111011110000000000
01000000111101111011110000000000
